Edge	Node1	Node2	hg	snp_count
1	28	29	NA	0
2	29	1	NA	41
3	29	30	NA	111
4	30	2	NA	10
5	30	31	NA	458
6	31	32	NA	21
7	32	33	NA	44
8	33	3	NA	20
9	33	34	NA	32
10	34	4	NA	9
11	34	5	NA	6
12	32	35	NA	52
13	35	6	NA	2
14	35	7	NA	0
15	31	36	NA	77
16	36	8	NA	84
17	36	37	NA	79
18	37	9	NA	74
19	37	38	NA	23
20	38	39	NA	20
21	39	40	NA	10
22	40	41	NA	7
23	41	10	NA	10
24	41	42	NA	8
25	42	11	NA	1
26	42	12	NA	1
27	40	13	NA	8
28	39	14	NA	23
29	38	43	NA	6
30	43	15	NA	26
31	43	44	NA	19
32	44	45	NA	32
33	45	46	NA	1
34	46	16	NA	2
35	46	17	NA	0
36	45	18	NA	5
37	44	47	NA	18
38	47	19	NA	28
39	47	48	NA	3
40	48	20	NA	6
41	48	49	NA	19
42	49	21	NA	1
43	49	50	NA	0
44	50	22	NA	1
45	50	51	NA	0
46	51	23	NA	27
47	51	52	NA	1
48	52	24	NA	0
49	52	25	NA	1
50	28	53	NA	951
51	53	26	NA	1341
52	53	27	NA	782
